             precision    recall  f1-score   support

          0       0.86      0.83      0.84       249
          1       0.95      0.91      0.93       395
          2       0.94      0.91      0.92       143
          3       0.97      0.96      0.96       868
          4       0.99      0.98      0.98       716
          5       0.99      0.93      0.96       579
          6       0.98      0.99      0.99       461
          7       0.90      0.73      0.80       262
          8       1.00      1.00      1.00       631
          9       0.86      0.95      0.90       473
         10       0.99      0.99      0.99       604
         11       0.92      0.94      0.93       628
         12       0.95      0.94      0.94       708
         13       0.98      0.98      0.98       572
         14       0.99      1.00      0.99       220
         15       0.99      1.00      1.00      2811
         16       0.97      0.97      0.97      1158
         17       0.83      0.97      0.90       107
         18       0.87      0.90      0.88       457
         19       0.93      0.94      0.94       828
         20       0.93      0.97      0.95       532
         21       0.90      0.92      0.91       468
         22       0.77      0.68      0.72        40
         23       0.97      0.93      0.95       133
         24       0.99      0.99      0.99      2661
         25       0.99      0.99      0.99       943
         26       0.96      0.98      0.97       528
         27       0.96      0.96      0.96       200
         28       0.93      0.94      0.94      1035
         29       0.70      0.68      0.69       484
         30       0.85      0.84      0.84       978
         31       0.91      0.83      0.87       504
         32       0.85      0.85      0.85       869
         33       0.92      0.92      0.92       876
         34       0.86      0.88      0.87       722
         35       0.98      0.99      0.99      2682
         36       0.91      0.91      0.91       189
         37       0.96      0.98      0.97       846

avg / total     0.9468    0.9469    0.9466     27560
