             precision    recall  f1-score   support

          0       0.97      0.96      0.97       252
          1       0.97      0.98      0.97       298
          2       1.00      0.99      1.00       112
          3       0.99      0.99      0.99       601
          4       1.00      0.99      1.00       635
          5       0.99      0.96      0.97       381
          6       1.00      0.97      0.99       318
          7       0.90      0.91      0.91       184
          8       0.99      1.00      0.99       460
          9       0.97      0.95      0.96       407
         10       1.00      1.00      1.00       470
         11       0.98      0.94      0.96       408
         12       0.97      0.99      0.98       520
         13       0.99      0.99      0.99       428
         14       0.98      0.99      0.99       177
         15       0.99      1.00      1.00      2326
         16       0.99      0.99      0.99       886
         17       0.98      0.99      0.99       233
         18       0.99      0.93      0.96       418
         19       0.99      0.98      0.99       640
         20       0.99      0.99      0.99       440
         21       0.98      0.95      0.97       412
         22       0.76      1.00      0.86        28
         23       0.97      0.91      0.94       151
         24       0.99      1.00      0.99      1988
         25       0.99      1.00      0.99       716
         26       0.98      1.00      0.99       436
         27       0.99      1.00      0.99       160
         28       0.98      0.97      0.98       923
         29       0.93      0.92      0.92       380
         30       0.95      0.96      0.95       764
         31       0.98      0.98      0.98       408
         32       0.96      0.98      0.97       713
         33       0.98      0.98      0.98       624
         34       0.96      0.97      0.97       589
         35       0.99      1.00      0.99      2116
         36       0.97      1.00      0.98       162
         37       1.00      0.99      0.99       621

avg / total     0.9825    0.9824    0.9824     21785
