             precision    recall  f1-score   support

          0       0.50      0.00      0.01       562
          1       0.52      0.59      0.55       535
          2       0.41      0.33      0.36       171
          3       0.76      0.60      0.67      1333
          4       0.72      0.96      0.83      1148
          5       0.68      0.82      0.74       877
          6       0.75      0.68      0.71       693
          7       0.65      0.64      0.65       410
          8       0.83      0.99      0.90       962
          9       0.77      0.68      0.72       795
         10       0.89      0.91      0.90       945
         11       0.84      0.13      0.23       900
         12       0.61      0.89      0.73      1059
         13       0.66      0.81      0.73       860
         14       0.98      0.37      0.54       323
         15       0.97      0.93      0.95      4367
         16       0.80      0.67      0.73      1918
         17       0.85      0.70      0.77       281
         18       0.52      0.46      0.49       842
         19       0.69      0.59      0.64      1196
         20       0.54      0.95      0.69       808
         21       0.68      0.45      0.54       740
         22       0.43      0.23      0.30        92
         23       0.88      0.26      0.41       318
         24       0.95      0.91      0.93      4182
         25       0.85      0.91      0.88      1452
         26       0.58      0.91      0.71       894
         27       0.64      0.49      0.56       376
         28       0.59      0.81      0.69      1743
         29       0.61      0.15      0.24       800
         30       0.58      0.44      0.50      1561
         31       0.49      0.39      0.43       764
         32       0.38      0.56      0.45      1420
         33       0.67      0.60      0.63      1360
         34       0.52      0.59      0.55      1109
         35       0.83      0.89      0.86      4338
         36       0.51      0.52      0.51       296
         37       0.74      0.95      0.83      1299

avg / total     0.7415    0.7301    0.7155     43729
