             precision    recall  f1-score   support

          0       0.72      0.74      0.73       342
          1       0.96      0.88      0.92       355
          2       0.98      0.81      0.89       207
          3       0.85      0.93      0.89      1012
          4       0.84      0.98      0.91       778
          5       0.95      0.88      0.92       573
          6       0.95      0.92      0.93       577
          7       0.88      0.34      0.49       299
          8       0.99      0.99      0.99       694
          9       0.73      0.97      0.84       596
         10       0.96      1.00      0.98       705
         11       0.85      0.93      0.89       704
         12       0.99      0.89      0.93       843
         13       0.92      0.95      0.94       640
         14       0.92      0.86      0.89       266
         15       0.96      0.99      0.98      3307
         16       0.91      0.95      0.93      1442
         17       0.97      0.78      0.87       306
         18       0.91      0.74      0.82       612
         19       0.83      0.89      0.86       876
         20       0.94      0.92      0.93       592
         21       0.72      0.91      0.80       592
         22       0.79      0.41      0.54        80
         23       0.79      0.80      0.80       162
         24       0.93      0.95      0.94      2941
         25       0.98      0.96      0.97      1110
         26       0.93      0.93      0.93       678
         27       0.97      0.91      0.94       238
         28       0.94      0.87      0.91      1352
         29       0.83      0.72      0.77       567
         30       0.88      0.74      0.80      1144
         31       0.96      0.66      0.78       548
         32       0.68      0.92      0.78      1049
         33       0.96      0.83      0.89      1104
         34       0.80      0.80      0.80       860
         35       0.97      0.96      0.97      3230
         36       0.76      0.98      0.85       217
         37       0.97      0.94      0.96       957

avg / total     0.9103    0.9043    0.9031     32555
