             precision    recall  f1-score   support

          0       0.41      0.15      0.22       309
          1       0.35      0.78      0.49       273
          2       0.80      0.03      0.06       135
          3       0.51      0.45      0.48       899
          4       0.64      0.84      0.73       814
          5       0.76      0.35      0.48       690
          6       0.75      0.48      0.59       393
          7       0.67      0.07      0.12       239
          8       0.92      0.89      0.90       579
          9       0.64      0.81      0.71       516
         10       0.94      0.89      0.91       553
         11       0.74      0.28      0.41       520
         12       0.75      0.72      0.74       748
         13       0.46      0.85      0.60       492
         14       0.25      0.72      0.37       229
         15       0.89      0.98      0.93      2760
         16       0.69      0.68      0.68      1105
         17       0.79      0.49      0.60       246
         18       0.60      0.27      0.37       534
         19       0.49      0.52      0.50       694
         20       0.73      0.45      0.56       548
         21       0.68      0.08      0.14       508
         22       0.00      0.00      0.00       108
         23       0.18      0.06      0.09       208
         24       0.73      0.92      0.81      2574
         25       0.52      0.89      0.66       884
         26       0.68      0.64      0.66       488
         27       0.27      0.90      0.41       184
         28       0.71      0.63      0.67      1060
         29       0.86      0.02      0.05       505
         30       0.64      0.59      0.62       951
         31       0.57      0.62      0.59       520
         32       0.48      0.38      0.42       911
         33       0.59      0.16      0.25       876
         34       0.38      0.75      0.50       720
         35       0.95      0.84      0.89      2641
         36       0.51      0.49      0.50       197
         37       0.64      0.89      0.74       777

avg / total     0.6900    0.6611    0.6382     27388
