             precision    recall  f1-score   support

          0       0.42      0.55      0.47       141
          1       0.64      0.32      0.43        71
          2       0.14      0.04      0.06        52
          3       0.40      0.80      0.53       296
          4       0.67      0.97      0.79       324
          5       0.47      0.61      0.53       124
          6       0.35      0.79      0.48       105
          7       0.88      0.06      0.11       121
          8       0.51      0.94      0.66       229
          9       0.67      0.75      0.71       213
         10       0.90      0.99      0.94       224
         11       0.90      0.78      0.84       260
         12       0.88      0.93      0.90       240
         13       0.93      0.88      0.90       152
         14       0.85      0.63      0.73        82
         15       0.89      0.95      0.92      1218
         16       0.79      0.71      0.75       458
         17       0.41      0.96      0.57        26
         18       0.94      0.34      0.50       191
         19       0.79      0.64      0.71       349
         20       0.81      0.52      0.63       232
         21       0.76      0.22      0.34       232
         22       0.00      0.00      0.00        64
         23       0.75      0.68      0.71        95
         24       0.87      0.89      0.88       962
         25       0.87      0.81      0.84       371
         26       0.78      0.53      0.63       254
         27       0.89      0.53      0.66       104
         28       0.84      0.76      0.79       368
         29       0.49      0.11      0.17       179
         30       0.59      0.51      0.54       347
         31       0.75      0.22      0.34       216
         32       0.59      0.64      0.62       419
         33       0.52      0.94      0.67       348
         34       0.73      0.46      0.57       257
         35       0.90      0.95      0.92      1067
         36       0.68      0.86      0.76        81
         37       0.88      0.72      0.79       308

avg / total     0.7615    0.7374    0.7231     10780
