             precision    recall  f1-score   support

          0       0.95      0.83      0.89       151
          1       0.91      0.95      0.93       108
          2       0.97      0.91      0.94        32
          3       0.93      0.96      0.94       358
          4       0.96      0.98      0.97       163
          5       0.98      0.97      0.98       200
          6       0.99      1.00      1.00       179
          7       0.78      0.89      0.83        95
          8       0.99      1.00      0.99       240
          9       0.94      0.89      0.91       204
         10       0.99      1.00      0.99       221
         11       0.90      0.88      0.89       224
         12       0.89      0.92      0.90       248
         13       0.99      0.99      0.99       228
         14       1.00      1.00      1.00        87
         15       1.00      1.00      1.00       902
         16       0.98      0.99      0.98       419
         17       0.97      0.95      0.96       103
         18       0.95      0.93      0.94       191
         19       0.95      0.99      0.97       299
         20       0.94      0.99      0.96       184
         21       0.96      0.90      0.93       200
         22       0.81      0.92      0.86        48
         23       1.00      0.91      0.95       188
         24       1.00      1.00      1.00      1048
         25       0.99      1.00      0.99       372
         26       0.97      0.98      0.97       241
         27       0.96      1.00      0.98        90
         28       0.97      0.96      0.97       452
         29       0.89      0.75      0.82       212
         30       0.87      0.90      0.89       351
         31       0.92      0.92      0.92       200
         32       0.97      0.86      0.91       359
         33       0.87      0.95      0.91       308
         34       0.88      0.89      0.89       297
         35       0.97      0.99      0.98      1094
         36       0.96      0.99      0.98        83
         37       0.97      0.99      0.98       308

avg / total     0.9576    0.9570    0.9567     10687
