             precision    recall  f1-score   support

          0       0.90      0.70      0.79       307
          1       0.73      0.94      0.82       210
          2       0.79      0.86      0.82       167
          3       0.77      0.97      0.86       797
          4       0.96      0.95      0.95       786
          5       0.99      0.83      0.90       383
          6       0.96      0.96      0.96       389
          7       0.62      0.88      0.73       249
          8       0.93      0.95      0.94       592
          9       0.96      0.72      0.82       510
         10       0.98      0.99      0.99       564
         11       0.88      0.98      0.93       600
         12       0.98      0.95      0.96       724
         13       0.99      0.92      0.95       520
         14       0.94      1.00      0.97       205
         15       0.96      0.99      0.98      2899
         16       0.94      0.95      0.95      1286
         17       0.95      0.97      0.96       194
         18       0.94      0.83      0.89       495
         19       0.89      0.95      0.92       763
         20       0.92      0.97      0.95       524
         21       0.90      0.86      0.88       500
         22       0.84      0.87      0.85        76
         23       1.00      0.87      0.93       301
         24       0.99      0.97      0.98      2496
         25       0.94      0.99      0.96       905
         26       0.93      0.91      0.92       487
         27       0.92      0.97      0.94       256
         28       0.92      0.91      0.91      1139
         29       0.70      0.68      0.69       528
         30       0.90      0.75      0.82       929
         31       0.93      0.80      0.86       476
         32       0.92      0.76      0.83       863
         33       0.83      0.96      0.89       796
         34       0.77      0.89      0.83       698
         35       0.99      0.97      0.98      2710
         36       0.92      0.96      0.94       203
         37       0.96      0.91      0.93       890

avg / total     0.9267    0.9223    0.9221     27417
