             precision    recall  f1-score   support

          0       0.96      0.75      0.84       409
          1       0.98      0.84      0.91       311
          2       1.00      0.70      0.82       164
          3       0.90      0.99      0.94      1046
          4       0.99      0.98      0.99       789
          5       0.98      0.91      0.94       727
          6       1.00      0.98      0.99       526
          7       0.82      0.81      0.81       317
          8       0.99      1.00      0.99       714
          9       0.90      0.90      0.90       589
         10       0.98      0.99      0.99       698
         11       0.97      0.88      0.93       728
         12       0.91      0.98      0.94       875
         13       1.00      0.97      0.99       720
         14       0.98      1.00      0.99       254
         15       0.99      1.00      0.99      3058
         16       0.99      0.93      0.96      1323
         17       0.90      0.92      0.91       281
         18       0.85      0.91      0.88       707
         19       0.93      0.96      0.95       796
         20       0.97      0.97      0.97       640
         21       0.87      0.94      0.90       572
         22       0.76      0.78      0.77        96
         23       0.94      1.00      0.97       132
         24       1.00      0.98      0.99      2961
         25       1.00      0.95      0.98      1108
         26       1.00      0.95      0.97       657
         27       1.00      0.90      0.95       262
         28       0.97      0.90      0.93      1220
         29       0.67      0.64      0.66       583
         30       0.67      0.97      0.79      1131
         31       0.90      0.86      0.88       608
         32       0.94      0.71      0.81      1038
         33       0.85      0.96      0.90      1092
         34       0.93      0.71      0.80       855
         35       0.94      1.00      0.97      3178
         36       0.84      0.95      0.89       224
         37       0.98      0.96      0.97       952

avg / total     0.9397    0.9340    0.9340     32341
