             precision    recall  f1-score   support

          0       0.99      0.94      0.97       485
          1       0.98      0.80      0.88       549
          2       0.89      0.95      0.92       243
          3       0.97      0.98      0.98      1292
          4       0.99      0.99      0.99      1173
          5       1.00      0.95      0.98       829
          6       0.99      0.99      0.99       635
          7       0.91      0.82      0.86       413
          8       0.97      1.00      0.98       969
          9       0.91      0.94      0.93       785
         10       1.00      0.98      0.99       942
         11       1.00      0.95      0.97       992
         12       0.96      1.00      0.98      1124
         13       1.00      1.00      1.00       872
         14       1.00      1.00      1.00       329
         15       0.99      1.00      0.99      4436
         16       1.00      0.95      0.97      1857
         17       0.96      0.98      0.97       282
         18       0.80      0.97      0.88       753
         19       0.99      0.96      0.97      1250
         20       0.93      0.99      0.96       856
         21       0.95      0.92      0.94       832
         22       0.81      0.94      0.87        84
         23       1.00      0.94      0.97       307
         24       0.99      1.00      0.99      3967
         25       1.00      0.99      1.00      1481
         26       0.99      0.94      0.97       937
         27       1.00      1.00      1.00       336
         28       0.94      0.95      0.94      1696
         29       0.88      0.77      0.82       804
         30       0.87      0.94      0.90      1485
         31       0.96      0.88      0.92       752
         32       0.96      0.91      0.94      1436
         33       0.85      0.99      0.91      1416
         34       0.90      0.87      0.88      1147
         35       0.98      0.99      0.99      4292
         36       0.95      0.96      0.96       306
         37       1.00      0.95      0.97      1296

avg / total     0.9638    0.9622    0.9622     43640
