             precision    recall  f1-score   support

          0       0.94      0.86      0.90       348
          1       0.89      0.95      0.92       167
          2       0.93      0.93      0.93       108
          3       0.94      0.97      0.96       694
          4       0.96      1.00      0.98       502
          5       0.97      0.95      0.96       380
          6       0.99      0.99      0.99       358
          7       0.79      0.85      0.82       213
          8       0.97      0.97      0.97       497
          9       0.91      0.87      0.89       396
         10       0.99      1.00      1.00       451
         11       0.93      0.94      0.94       448
         12       0.96      0.95      0.96       584
         13       0.97      0.97      0.97       428
         14       0.98      0.98      0.98       167
         15       0.99      0.99      0.99      2131
         16       0.97      0.97      0.97       863
         17       0.92      0.98      0.95       137
         18       0.96      0.90      0.93       475
         19       0.97      0.97      0.97       581
         20       0.90      1.00      0.95       404
         21       0.88      0.94      0.91       344
         22       0.96      0.98      0.97        44
         23       0.99      0.94      0.97       249
         24       0.99      0.99      0.99      2038
         25       0.99      0.99      0.99       721
         26       0.94      0.96      0.95       428
         27       0.93      1.00      0.96       186
         28       0.95      0.94      0.94       824
         29       0.77      0.70      0.73       371
         30       0.93      0.85      0.89       842
         31       0.92      0.93      0.93       344
         32       0.91      0.89      0.90       750
         33       0.95      0.95      0.95       660
         34       0.91      0.91      0.91       578
         35       0.99      0.99      0.99      2214
         36       0.87      1.00      0.93       131
         37       0.97      0.99      0.98       709

avg / total     0.9557    0.9557    0.9553     21765
