             precision    recall  f1-score   support

          0       0.99      0.97      0.98       110
          1       1.00      1.00      1.00        85
          2       1.00      1.00      1.00        60
          3       0.98      0.99      0.99       266
          4       1.00      1.00      1.00       229
          5       0.97      1.00      0.98       228
          6       1.00      0.99      0.99       202
          7       0.84      0.88      0.86       104
          8       1.00      1.00      1.00       233
          9       0.94      0.92      0.93       222
         10       1.00      1.00      1.00       221
         11       1.00      0.97      0.98       220
         12       0.97      1.00      0.98       232
         13       1.00      1.00      1.00       220
         14       1.00      1.00      1.00        79
         15       1.00      1.00      1.00      1166
         16       1.00      1.00      1.00       440
         17       0.88      1.00      0.93        21
         18       0.98      0.98      0.98       129
         19       0.99      0.98      0.99       303
         20       0.98      0.99      0.98       224
         21       0.98      0.99      0.99       204
         22       1.00      0.81      0.90        16
         23       1.00      0.94      0.97       180
         24       0.99      1.00      1.00       899
         25       1.00      0.99      0.99       379
         26       1.00      1.00      1.00       193
         27       0.98      1.00      0.99       100
         28       0.98      0.98      0.98       463
         29       0.85      0.92      0.88       184
         30       0.97      0.92      0.95       369
         31       0.97      0.99      0.98       140
         32       0.99      0.94      0.96       312
         33       0.97      0.98      0.98       340
         34       0.96      0.98      0.97       257
         35       0.99      0.99      0.99      1103
         36       0.99      1.00      0.99        78
         37       1.00      1.00      1.00       336

avg / total     0.9842    0.9839    0.9839     10547
