             precision    recall  f1-score   support

          0       0.60      0.72      0.65       366
          1       0.88      0.77      0.82       330
          2       0.53      0.12      0.20       184
          3       0.84      0.64      0.73      1055
          4       0.93      0.86      0.89       870
          5       0.85      0.65      0.74       673
          6       0.88      0.75      0.81       479
          7       0.64      0.57      0.60       312
          8       0.95      0.81      0.88       735
          9       0.79      0.82      0.81       579
         10       0.90      0.99      0.95       713
         11       0.84      0.87      0.85       736
         12       0.93      0.89      0.91       888
         13       0.92      0.92      0.92       616
         14       0.94      0.91      0.92       255
         15       0.90      0.97      0.93      3096
         16       0.94      0.78      0.85      1367
         17       0.97      0.77      0.86       228
         18       0.89      0.67      0.76       529
         19       0.74      0.82      0.78       956
         20       0.82      0.81      0.82       592
         21       0.80      0.63      0.71       532
         22       0.47      0.76      0.58        72
         23       0.47      0.96      0.63       101
         24       0.92      0.94      0.93      3131
         25       0.86      0.96      0.91      1114
         26       0.66      0.81      0.73       685
         27       0.80      0.87      0.83       276
         28       0.82      0.83      0.82      1227
         29       0.63      0.45      0.52       640
         30       0.63      0.66      0.65      1166
         31       0.73      0.71      0.72       560
         32       0.61      0.79      0.69      1114
         33       0.80      0.85      0.82      1008
         34       0.76      0.73      0.74       813
         35       0.94      0.97      0.95      3186
         36       0.65      0.96      0.78       237
         37       0.91      0.88      0.89       979

avg / total     0.8405    0.8356    0.8336     32400
