             precision    recall  f1-score   support

          0       0.88      0.97      0.92       269
          1       0.99      0.94      0.96       146
          2       1.00      0.91      0.95       104
          3       0.95      0.97      0.96       590
          4       1.00      0.99      1.00       560
          5       0.99      0.97      0.98       410
          6       0.98      0.99      0.99       442
          7       0.97      0.69      0.80       203
          8       1.00      1.00      1.00       457
          9       0.86      0.97      0.91       391
         10       0.99      0.99      0.99       441
         11       0.82      0.99      0.90       476
         12       0.99      0.82      0.90       544
         13       0.99      0.99      0.99       472
         14       0.97      1.00      0.98       156
         15       1.00      1.00      1.00      2274
         16       0.99      0.99      0.99       849
         17       0.98      0.96      0.97       124
         18       0.92      0.90      0.91       317
         19       0.97      0.96      0.97       576
         20       0.94      1.00      0.97       412
         21       0.94      0.90      0.92       412
         22       0.83      0.87      0.85        84
         23       1.00      0.82      0.90       234
         24       1.00      1.00      1.00      2111
         25       0.99      1.00      0.99       700
         26       1.00      0.97      0.98       529
         27       0.91      0.98      0.94       156
         28       0.90      0.98      0.94       855
         29       0.77      0.83      0.80       457
         30       0.78      0.95      0.86       763
         31       0.94      0.88      0.91       392
         32       0.98      0.83      0.90       691
         33       0.97      0.87      0.92       740
         34       0.83      0.85      0.84       524
         35       0.99      0.98      0.98      2194
         36       0.98      0.87      0.92       142
         37       0.98      0.97      0.98       581

avg / total     0.9571    0.9538    0.9539     21778
