             precision    recall  f1-score   support

          0       0.69      0.90      0.78       530
          1       0.98      0.72      0.83       510
          2       0.91      0.75      0.83       240
          3       0.83      0.97      0.90      1269
          4       0.97      0.98      0.97      1186
          5       0.98      0.86      0.92       967
          6       0.96      0.91      0.93       700
          7       0.77      0.68      0.73       411
          8       0.99      0.97      0.98       974
          9       0.81      0.89      0.85       804
         10       0.99      0.99      0.99       919
         11       0.97      0.91      0.94       928
         12       0.95      0.98      0.96      1127
         13       0.99      0.96      0.97       840
         14       0.95      0.98      0.97       327
         15       0.98      1.00      0.99      4404
         16       0.98      0.89      0.93      1973
         17       0.94      0.92      0.93       274
         18       0.94      0.95      0.95       805
         19       0.98      0.88      0.93      1202
         20       0.94      0.88      0.91       800
         21       0.91      0.76      0.82       784
         22       0.82      0.63      0.71       120
         23       0.94      1.00      0.97       207
         24       0.94      0.99      0.97      3949
         25       0.99      1.00      0.99      1453
         26       0.76      0.99      0.86       751
         27       0.92      0.99      0.96       352
         28       0.91      0.88      0.90      1752
         29       0.88      0.45      0.60       844
         30       0.75      0.94      0.83      1499
         31       0.81      0.94      0.87       776
         32       0.89      0.73      0.80      1432
         33       0.78      0.95      0.86      1336
         34       0.82      0.74      0.78      1152
         35       0.99      0.98      0.98      4281
         36       0.85      0.96      0.90       298
         37       0.97      0.98      0.98      1292

avg / total     0.9255    0.9207    0.9192     43468
